# m:d:h:z:t:tau:AbsStray_h:Stray_h:AbsTotField:TotField:ConvergeEd:ConvergPhi:NumOfPeriodsInX:IntegrPrecision:GrapheneWidth:GrapheneOffset:AverRho:rho0:l_phi:l_i:l_star:Ms:Hstray_sat
0	5.00562e-07	2.65713e-18	8.8e-07	1.7e-06 1e-08	0.294354	0.000648692	0.294354	0.000648692	1e-07    1e-05	2	1e-08	1e-05	0	625.58  627.32  2.2e-07  3.58e-07  2e-09	1800  1800
0.01	5.00594e-07	0.0093501	8.8e-07	1.7e-06 1e-08	0.293963	-0.00235528	0.295794	0.00699482	1e-07    1e-05	2	1e-08	1e-05	0	625.57  627.32  2.2e-07  3.58e-07  2e-09	1800  1800
0.02	5.00693e-07	0.0187006	8.8e-07	1.7e-06 1e-08	0.301669	-0.0019385	0.298097	0.0167621	1e-07    1e-05	2	1e-08	1e-05	0	625.585  627.32  2.2e-07  3.58e-07  2e-09	1800  1800
0.03	5.00942e-07	0.0280508	8.8e-07	1.7e-06 1e-08	0.293831	-0.00298505	0.30033	0.0250658	1e-07    1e-05	2	1e-08	1e-05	0	625.474  627.32  2.2e-07  3.58e-07  2e-09	1800  1800
0.04	5.0116e-07	0.0374008	8.8e-07	1.7e-06 1e-08	0.300978	-0.00235327	0.296433	0.0350475	1e-07    1e-05	2	1e-08	1e-05	0	625.582  627.32  2.2e-07  3.58e-07  2e-09	1800  1800
0.05	5.01624e-07	0.0467494	8.8e-07	1.7e-06 1e-08	0.295932	-0.00247068	0.296607	0.0442787	1e-07    1e-05	2	1e-08	1e-05	0	625.586  627.32  2.2e-07  3.58e-07  2e-09	1800  1800
0.06	5.02077e-07	0.0560985	8.8e-07	1.7e-06 1e-08	0.286091	-0.00234246	0.300755	0.053756	1e-07    1e-05	2	1e-08	1e-05	0	625.582  627.32  2.2e-07  3.58e-07  2e-09	1800  1800
0.07	5.02553e-07	0.0654478	8.8e-07	1.7e-06 1e-08	0.297061	-0.00391519	0.301487	0.0615326	1e-07    1e-05	2	1e-08	1e-05	0	625.5  627.32  2.2e-07  3.58e-07  2e-09	1800  1800
0.08	5.03145e-07	0.0747959	8.8e-07	1.7e-06 1e-08	0.284375	-0.00187201	0.29078	0.0729239	1e-07    1e-05	2	1e-08	1e-05	0	625.579  627.32  2.2e-07  3.58e-07  2e-09	1800  1800
0.09	5.0386e-07	0.0841427	8.8e-07	1.7e-06 1e-08	0.296133	-0.00265957	0.296344	0.0814831	1e-07    1e-05	2	1e-08	1e-05	0	625.58  627.32  2.2e-07  3.58e-07  2e-09	1800  1800
0.1	5.04649e-07	0.0934892	8.8e-07	1.7e-06 1e-08	0.301703	-0.000772601	0.31404	0.0927166	1e-07    1e-05	2	1e-08	1e-05	0	625.511  627.32  2.2e-07  3.58e-07  2e-09	1800  1800
# m:d:h:z:t:tau:AbsStray_h:Stray_h:AbsTotField:TotField:ConvergeEd:ConvergPhi:NumOfPeriodsInX:IntegrPrecision:GrapheneWidth:GrapheneOffset:AverRho:rho0:l_phi:l_i:l_star:Ms:Hstray_sat
0.1	5.04649e-07	0.0934892	8.8e-07	1.7e-06 1e-08	0.301703	-0.000772602	0.31404	0.0927166	1e-07    1e-05	2	1e-08	1e-05	0	625.511  627.32  2.2e-07  3.58e-07  2e-09	1800  1800
0.185	5.14915e-07	0.17289	8.8e-07	1.7e-06 1e-08	0.290163	0.00481739	0.312536	0.177707	1e-07    1e-05	2	1e-08	1e-05	0	625.567  627.32  2.2e-07  3.58e-07  2e-09	1800  1800
0.27	5.32434e-07	0.252164	8.8e-07	1.7e-06 1e-08	0.25535	-0.000305602	0.349629	0.251859	1e-07    1e-05	2	1e-08	1e-05	0	625.535  627.32  2.2e-07  3.58e-07  2e-09	1800  1800
0.355	5.58682e-07	0.331248	8.8e-07	1.7e-06 1e-08	0.265627	-0.0576484	0.385004	0.273599	1e-07    1e-05	2	1e-08	1e-05	0	625.541  627.32  2.2e-07  3.58e-07  2e-09	1800  1800
0.44	5.96621e-07	0.410049	8.8e-07	1.7e-06 1e-08	0.257874	-0.00333843	0.434347	0.40671	1e-07    1e-05	2	1e-08	1e-05	0	625.503  627.32  2.2e-07  3.58e-07  2e-09	1800  1800
0.525	6.51524e-07	0.488436	8.8e-07	1.7e-06 1e-08	0.230678	0.00320701	0.498861	0.491643	1e-07    1e-05	2	1e-08	1e-05	0	625.392  627.32  2.2e-07  3.58e-07  2e-09	1800  1800
0.61	7.32929e-07	0.566226	8.8e-07	1.7e-06 1e-08	0.20418	-0.0148198	0.551406	0.551406	1e-07    1e-05	2	1e-08	1e-05	0	625.359  627.32  2.2e-07  3.58e-07  2e-09	1800  1800
0.695	8.60968e-07	0.643101	8.8e-07	1.7e-06 1e-08	0.172859	-0.00548471	0.637617	0.637617	1e-07    1e-05	2	1e-08	1e-05	0	625.193  627.32  2.2e-07  3.58e-07  2e-09	1800  1800
0.78	1.0857e-06	0.718461	8.8e-07	1.7e-06 1e-08	0.134755	0.00718806	0.725649	0.725649	1e-07    1e-05	2	1e-08	1e-05	0	625.079  627.32  2.2e-07  3.58e-07  2e-09	1800  1800
0.865	1.57927e-06	0.790782	8.8e-07	1.7e-06 1e-08	0.0672855	0.00288636	0.793669	0.793669	1e-07    1e-05	2	1e-08	1e-05	0	625.009  627.32  2.2e-07  3.58e-07  2e-09	1800  1800
0.95	3.69881e-06	0.85323	8.8e-07	1.7e-06 1e-08	0.0367497	-0.00616107	0.847069	0.847069	1e-07    1e-05	2	1e-08	1e-05	0	624.969  627.32  2.2e-07  3.58e-07  2e-09	1800  1800
# m:d:h:z:t:tau:AbsStray_h:Stray_h:AbsTotField:TotField:ConvergeEd:ConvergPhi:NumOfPeriodsInX:IntegrPrecision:GrapheneWidth:GrapheneOffset:AverRho:rho0:l_phi:l_i:l_star:Ms:Hstray_sat
0	5.00562e-07	2.65713e-18	9.1e-07	1.7e-06 1e-08	0.190926	0.000166574	0.190926	0.000166574	1e-07    1e-05	2	1e-08	1e-05	0	625.902  627.32  2.2e-07  3.58e-07  2e-09	1800  1800
0.01	5.00594e-07	0.0093501	9.1e-07	1.7e-06 1e-08	0.190326	0.000366598	0.19581	0.00971669	1e-07    1e-05	2	1e-08	1e-05	0	625.902  627.32  2.2e-07  3.58e-07  2e-09	1800  1800
0.02	5.00693e-07	0.0187006	9.1e-07	1.7e-06 1e-08	0.189303	0.000477454	0.19665	0.0191781	1e-07    1e-05	2	1e-08	1e-05	0	625.897  627.32  2.2e-07  3.58e-07  2e-09	1800  1800
0.03	5.00942e-07	0.0280508	9.1e-07	1.7e-06 1e-08	0.206365	-0.000333788	0.175467	0.027717	1e-07    1e-05	2	1e-08	1e-05	0	625.896  627.32  2.2e-07  3.58e-07  2e-09	1800  1800
0.04	5.0116e-07	0.0374008	9.1e-07	1.7e-06 1e-08	0.196568	-0.000567387	0.199255	0.0368334	1e-07    1e-05	2	1e-08	1e-05	0	625.899  627.32  2.2e-07  3.58e-07  2e-09	1800  1800
0.05	5.01624e-07	0.0467494	9.1e-07	1.7e-06 1e-08	0.17346	-0.00104449	0.204676	0.0457049	1e-07    1e-05	2	1e-08	1e-05	0	625.884  627.32  2.2e-07  3.58e-07  2e-09	1800  1800
0.06	5.02077e-07	0.0560985	9.1e-07	1.7e-06 1e-08	0.196557	-0.00129162	0.201208	0.0548069	1e-07    1e-05	2	1e-08	1e-05	0	625.882  627.32  2.2e-07  3.58e-07  2e-09	1800  1800
0.07	5.02553e-07	0.0654478	9.1e-07	1.7e-06 1e-08	0.194865	-0.000637667	0.200924	0.0648101	1e-07    1e-05	2	1e-08	1e-05	0	625.828  627.32  2.2e-07  3.58e-07  2e-09	1800  1800
0.08	5.03145e-07	0.0747959	9.1e-07	1.7e-06 1e-08	0.196282	-0.00121834	0.202785	0.0735776	1e-07    1e-05	2	1e-08	1e-05	0	625.896  627.32  2.2e-07  3.58e-07  2e-09	1800  1800
0.09	5.0386e-07	0.0841427	9.1e-07	1.7e-06 1e-08	0.199327	-0.00206684	0.21017	0.0820759	1e-07    1e-05	2	1e-08	1e-05	0	625.897  627.32  2.2e-07  3.58e-07  2e-09	1800  1800
0.1	5.04649e-07	0.0934892	9.1e-07	1.7e-06 1e-08	0.193402	-0.00213188	0.202581	0.0913573	1e-07    1e-05	2	1e-08	1e-05	0	625.891  627.32  2.2e-07  3.58e-07  2e-09	1800  1800
# m:d:h:z:t:tau:AbsStray_h:Stray_h:AbsTotField:TotField:ConvergeEd:ConvergPhi:NumOfPeriodsInX:IntegrPrecision:GrapheneWidth:GrapheneOffset:AverRho:rho0:l_phi:l_i:l_star:Ms:Hstray_sat
0.1	5.04649e-07	0.0934892	9.1e-07	1.7e-06 1e-08	0.193402	-0.00213188	0.202581	0.0913573	1e-07    1e-05	2	1e-08	1e-05	0	625.891  627.32  2.2e-07  3.58e-07  2e-09	1800  1800
0.185	5.14915e-07	0.17289	9.1e-07	1.7e-06 1e-08	0.192638	0.00240315	0.247482	0.175293	1e-07    1e-05	2	1e-08	1e-05	0	625.878  627.32  2.2e-07  3.58e-07  2e-09	1800  1800
0.27	5.32434e-07	0.252164	9.1e-07	1.7e-06 1e-08	0.185049	0.00704457	0.271665	0.259209	1e-07    1e-05	2	1e-08	1e-05	0	625.86  627.32  2.2e-07  3.58e-07  2e-09	1800  1800
0.355	5.58682e-07	0.331248	9.1e-07	1.7e-06 1e-08	0.179121	-0.00129183	0.33064	0.329956	1e-07    1e-05	2	1e-08	1e-05	0	625.724  627.32  2.2e-07  3.58e-07  2e-09	1800  1800
0.44	5.96621e-07	0.410049	9.1e-07	1.7e-06 1e-08	0.179264	-0.00106998	0.408979	0.408979	1e-07    1e-05	2	1e-08	1e-05	0	625.471  627.32  2.2e-07  3.58e-07  2e-09	1800  1800
0.525	6.51524e-07	0.488436	9.1e-07	1.7e-06 1e-08	0.158361	0.0033233	0.49176	0.49176	1e-07    1e-05	2	1e-08	1e-05	0	625.294  627.32  2.2e-07  3.58e-07  2e-09	1800  1800
0.61	7.32929e-07	0.566226	9.1e-07	1.7e-06 1e-08	0.149633	-0.00229911	0.563926	0.563926	1e-07    1e-05	2	1e-08	1e-05	0	625.228  627.32  2.2e-07  3.58e-07  2e-09	1800  1800
0.695	8.60968e-07	0.643101	9.1e-07	1.7e-06 1e-08	0.118015	-0.00331519	0.639786	0.639786	1e-07    1e-05	2	1e-08	1e-05	0	625.101  627.32  2.2e-07  3.58e-07  2e-09	1800  1800
0.78	1.0857e-06	0.718461	9.1e-07	1.7e-06 1e-08	0.104877	0.00101982	0.719481	0.719481	1e-07    1e-05	2	1e-08	1e-05	0	625.039  627.32  2.2e-07  3.58e-07  2e-09	1800  1800
0.865	1.57927e-06	0.790782	9.1e-07	1.7e-06 1e-08	0.0760963	0.00282325	0.793606	0.793606	1e-07    1e-05	2	1e-08	1e-05	0	624.993  627.32  2.2e-07  3.58e-07  2e-09	1800  1800
0.95	3.69881e-06	0.85323	9.1e-07	1.7e-06 1e-08	0.0362898	-0.00248505	0.850745	0.850745	1e-07    1e-05	2	1e-08	1e-05	0	624.964  627.32  2.2e-07  3.58e-07  2e-09	1800  1800
# m:d:h:z:t:tau:AbsStray_h:Stray_h:AbsTotField:TotField:ConvergeEd:ConvergPhi:NumOfPeriodsInX:IntegrPrecision:GrapheneWidth:GrapheneOffset:AverRho:rho0:l_phi:l_i:l_star:Ms:Hstray_sat
0	5.00562e-07	2.65713e-18	9.4e-07	1.7e-06 1e-08	0.147717	-5.86617e-05	0.147717	-5.86617e-05	1e-07    1e-05	2	1e-08	1e-05	0	626.186  627.32  2.2e-07  3.58e-07  2e-09	1800  1800
0.01	5.00594e-07	0.0093501	9.4e-07	1.7e-06 1e-08	0.14739	2.28252e-05	0.11322	0.00937292	1e-07    1e-05	2	1e-08	1e-05	0	626.193  627.32  2.2e-07  3.58e-07  2e-09	1800  1800
0.02	5.00693e-07	0.0187006	9.4e-07	1.7e-06 1e-08	0.147125	6.00442e-05	0.127855	0.0187607	1e-07    1e-05	2	1e-08	1e-05	0	626.199  627.32  2.2e-07  3.58e-07  2e-09	1800  1800
0.03	5.00942e-07	0.0280508	9.4e-07	1.7e-06 1e-08	0.113149	-0.000278131	0.133477	0.0277727	1e-07    1e-05	2	1e-08	1e-05	0	626.175  627.32  2.2e-07  3.58e-07  2e-09	1800  1800
0.04	5.0116e-07	0.0374008	9.4e-07	1.7e-06 1e-08	0.113736	-0.000389868	0.129381	0.0370109	1e-07    1e-05	2	1e-08	1e-05	0	626.185  627.32  2.2e-07  3.58e-07  2e-09	1800  1800
0.05	5.01624e-07	0.0467494	9.4e-07	1.7e-06 1e-08	0.134901	-0.000614146	0.12978	0.0461353	1e-07    1e-05	2	1e-08	1e-05	0	626.166  627.32  2.2e-07  3.58e-07  2e-09	1800  1800
0.06	5.02077e-07	0.0560985	9.4e-07	1.7e-06 1e-08	0.133014	-0.000821056	0.130224	0.0552774	1e-07    1e-05	2	1e-08	1e-05	0	626.191  627.32  2.2e-07  3.58e-07  2e-09	1800  1800
0.07	5.02553e-07	0.0654478	9.4e-07	1.7e-06 1e-08	0.131914	-0.00102467	0.154265	0.0644231	1e-07    1e-05	2	1e-08	1e-05	0	626.169  627.32  2.2e-07  3.58e-07  2e-09	1800  1800
0.08	5.03145e-07	0.0747959	9.4e-07	1.7e-06 1e-08	0.130367	-0.00126835	0.144138	0.0735276	1e-07    1e-05	2	1e-08	1e-05	0	626.187  627.32  2.2e-07  3.58e-07  2e-09	1800  1800
0.09	5.0386e-07	0.0841427	9.4e-07	1.7e-06 1e-08	0.131061	-0.00168379	0.146366	0.0824589	1e-07    1e-05	2	1e-08	1e-05	0	626.181  627.32  2.2e-07  3.58e-07  2e-09	1800  1800
0.1	5.04649e-07	0.0934892	9.4e-07	1.7e-06 1e-08	0.134021	-0.00154179	0.147364	0.0919474	1e-07    1e-05	2	1e-08	1e-05	0	626.181  627.32  2.2e-07  3.58e-07  2e-09	1800  1800
# m:d:h:z:t:tau:AbsStray_h:Stray_h:AbsTotField:TotField:ConvergeEd:ConvergPhi:NumOfPeriodsInX:IntegrPrecision:GrapheneWidth:GrapheneOffset:AverRho:rho0:l_phi:l_i:l_star:Ms:Hstray_sat
0.1	5.04649e-07	0.0934892	9.4e-07	1.7e-06 1e-08	0.134021	-0.00154179	0.147364	0.0919474	1e-07    1e-05	2	1e-08	1e-05	0	626.181  627.32  2.2e-07  3.58e-07  2e-09	1800  1800
0.185	5.14915e-07	0.17289	9.4e-07	1.7e-06 1e-08	0.130396	0.00105503	0.186806	0.173945	1e-07    1e-05	2	1e-08	1e-05	0	626.118  627.32  2.2e-07  3.58e-07  2e-09	1800  1800
0.27	5.32434e-07	0.252164	9.4e-07	1.7e-06 1e-08	0.128718	0.0040595	0.256224	0.256224	1e-07    1e-05	2	1e-08	1e-05	0	625.825  627.32  2.2e-07  3.58e-07  2e-09	1800  1800
0.355	5.58682e-07	0.331248	9.4e-07	1.7e-06 1e-08	0.126981	-0.00116769	0.33008	0.33008	1e-07    1e-05	2	1e-08	1e-05	0	625.529  627.32  2.2e-07  3.58e-07  2e-09	1800  1800
0.44	5.96621e-07	0.410049	9.4e-07	1.7e-06 1e-08	0.124292	-0.0174503	0.392599	0.392599	1e-07    1e-05	2	1e-08	1e-05	0	625.349  627.32  2.2e-07  3.58e-07  2e-09	1800  1800
0.525	6.51524e-07	0.488436	9.4e-07	1.7e-06 1e-08	0.13018	0.0016919	0.490128	0.490128	1e-07    1e-05	2	1e-08	1e-05	0	625.228  627.32  2.2e-07  3.58e-07  2e-09	1800  1800
0.61	7.32929e-07	0.566226	9.4e-07	1.7e-06 1e-08	0.112276	-0.00358494	0.562641	0.562641	1e-07    1e-05	2	1e-08	1e-05	0	625.145  627.32  2.2e-07  3.58e-07  2e-09	1800  1800
0.695	8.60968e-07	0.643101	9.4e-07	1.7e-06 1e-08	0.107033	-0.00264004	0.640461	0.640461	1e-07    1e-05	2	1e-08	1e-05	0	625.08  627.32  2.2e-07  3.58e-07  2e-09	1800  1800
0.78	1.0857e-06	0.718461	9.4e-07	1.7e-06 1e-08	0.0942854	0.000697599	0.719159	0.719159	1e-07    1e-05	2	1e-08	1e-05	0	625.028  627.32  2.2e-07  3.58e-07  2e-09	1800  1800
0.865	1.57927e-06	0.790782	9.4e-07	1.7e-06 1e-08	0.0648851	0.00251923	0.793302	0.793302	1e-07    1e-05	2	1e-08	1e-05	0	624.988  627.32  2.2e-07  3.58e-07  2e-09	1800  1800
0.95	3.69881e-06	0.85323	9.4e-07	1.7e-06 1e-08	0.0338049	-0.00116733	0.852063	0.852063	1e-07    1e-05	2	1e-08	1e-05	0	624.962  627.32  2.2e-07  3.58e-07  2e-09	1800  1800
# m:d:h:z:t:tau:AbsStray_h:Stray_h:AbsTotField:TotField:ConvergeEd:ConvergPhi:NumOfPeriodsInX:IntegrPrecision:GrapheneWidth:GrapheneOffset:AverRho:rho0:l_phi:l_i:l_star:Ms:Hstray_sat
0	5.00562e-07	2.65713e-18	9.7e-07	1.7e-06 1e-08	0.0753614	-0.000100617	0.0753614	-0.000100617	1e-07    1e-05	2	1e-08	1e-05	0	626.451  627.32  2.2e-07  3.58e-07  2e-09	1800  1800
0.01	5.00594e-07	0.0093501	9.7e-07	1.7e-06 1e-08	0.0755174	-6.62753e-05	0.0769013	0.00928382	1e-07    1e-05	2	1e-08	1e-05	0	626.466  627.32  2.2e-07  3.58e-07  2e-09	1800  1800
0.02	5.00693e-07	0.0187006	9.7e-07	1.7e-06 1e-08	0.0757898	-5.64507e-05	0.0906786	0.0186442	1e-07    1e-05	2	1e-08	1e-05	0	626.465  627.32  2.2e-07  3.58e-07  2e-09	1800  1800
0.03	5.00942e-07	0.0280508	9.7e-07	1.7e-06 1e-08	0.0762868	-0.000221698	0.0916002	0.0278291	1e-07    1e-05	2	1e-08	1e-05	0	626.457  627.32  2.2e-07  3.58e-07  2e-09	1800  1800
0.04	5.0116e-07	0.0374008	9.7e-07	1.7e-06 1e-08	0.0766305	-0.000287078	0.0937548	0.0371137	1e-07    1e-05	2	1e-08	1e-05	0	626.469  627.32  2.2e-07  3.58e-07  2e-09	1800  1800
0.05	5.01624e-07	0.0467494	9.7e-07	1.7e-06 1e-08	0.0920944	-0.000422784	0.107678	0.0463266	1e-07    1e-05	2	1e-08	1e-05	0	626.452  627.32  2.2e-07  3.58e-07  2e-09	1800  1800
0.06	5.02077e-07	0.0560985	9.7e-07	1.7e-06 1e-08	0.0913078	-0.000550773	0.0975211	0.0555477	1e-07    1e-05	2	1e-08	1e-05	0	626.452  627.32  2.2e-07  3.58e-07  2e-09	1800  1800
0.07	5.02553e-07	0.0654478	9.7e-07	1.7e-06 1e-08	0.0901451	-0.000679054	0.102389	0.0647688	1e-07    1e-05	2	1e-08	1e-05	0	626.452  627.32  2.2e-07  3.58e-07  2e-09	1800  1800
0.08	5.03145e-07	0.0747959	9.7e-07	1.7e-06 1e-08	0.0893141	-0.000830809	0.105156	0.0739651	1e-07    1e-05	2	1e-08	1e-05	0	626.436  627.32  2.2e-07  3.58e-07  2e-09	1800  1800
0.09	5.0386e-07	0.0841427	9.7e-07	1.7e-06 1e-08	0.0858517	-0.00100052	0.108779	0.0831422	1e-07    1e-05	2	1e-08	1e-05	0	626.402  627.32  2.2e-07  3.58e-07  2e-09	1800  1800
0.1	5.04649e-07	0.0934892	9.7e-07	1.7e-06 1e-08	0.0907563	-0.00116534	0.114138	0.0923238	1e-07    1e-05	2	1e-08	1e-05	0	626.41  627.32  2.2e-07  3.58e-07  2e-09	1800  1800
# m:d:h:z:t:tau:AbsStray_h:Stray_h:AbsTotField:TotField:ConvergeEd:ConvergPhi:NumOfPeriodsInX:IntegrPrecision:GrapheneWidth:GrapheneOffset:AverRho:rho0:l_phi:l_i:l_star:Ms:Hstray_sat
0.1	5.04649e-07	0.0934892	9.7e-07	1.7e-06 1e-08	0.0907563	-0.00116534	0.114138	0.0923238	1e-07    1e-05	2	1e-08	1e-05	0	626.41  627.32  2.2e-07  3.58e-07  2e-09	1800  1800
0.185	5.14915e-07	0.17289	9.7e-07	1.7e-06 1e-08	0.0873216	-0.000785147	0.172105	0.172105	1e-07    1e-05	2	1e-08	1e-05	0	626.06  627.32  2.2e-07  3.58e-07  2e-09	1800  1800
0.27	5.32434e-07	0.252164	9.7e-07	1.7e-06 1e-08	0.0911249	0.00240542	0.25457	0.25457	1e-07    1e-05	2	1e-08	1e-05	0	625.685  627.32  2.2e-07  3.58e-07  2e-09	1800  1800
0.355	5.58682e-07	0.331248	9.7e-07	1.7e-06 1e-08	0.0857459	-0.000827122	0.330421	0.330421	1e-07    1e-05	2	1e-08	1e-05	0	625.456  627.32  2.2e-07  3.58e-07  2e-09	1800  1800
0.44	5.96621e-07	0.410049	9.7e-07	1.7e-06 1e-08	0.07453	-0.0133927	0.396656	0.396656	1e-07    1e-05	2	1e-08	1e-05	0	625.312  627.32  2.2e-07  3.58e-07  2e-09	1800  1800
0.525	6.51524e-07	0.488436	9.7e-07	1.7e-06 1e-08	0.0954115	0.00127197	0.489708	0.489708	1e-07    1e-05	2	1e-08	1e-05	0	625.204  627.32  2.2e-07  3.58e-07  2e-09	1800  1800
0.61	7.32929e-07	0.566226	9.7e-07	1.7e-06 1e-08	0.0940768	-0.00224288	0.563983	0.563983	1e-07    1e-05	2	1e-08	1e-05	0	625.132  627.32  2.2e-07  3.58e-07  2e-09	1800  1800
0.695	8.60968e-07	0.643101	9.7e-07	1.7e-06 1e-08	0.0800738	-0.00180229	0.641299	0.641299	1e-07    1e-05	2	1e-08	1e-05	0	625.072  627.32  2.2e-07  3.58e-07  2e-09	1800  1800
0.78	1.0857e-06	0.718461	9.7e-07	1.7e-06 1e-08	0.075716	0.00131719	0.719778	0.719778	1e-07    1e-05	2	1e-08	1e-05	0	625.024  627.32  2.2e-07  3.58e-07  2e-09	1800  1800
0.865	1.57927e-06	0.790782	9.7e-07	1.7e-06 1e-08	0.045201	0.00141738	0.7922	0.7922	1e-07    1e-05	2	1e-08	1e-05	0	624.987  627.32  2.2e-07  3.58e-07  2e-09	1800  1800
0.95	3.69881e-06	0.85323	9.7e-07	1.7e-06 1e-08	0.0310054	-0.000794482	0.852436	0.852436	1e-07    1e-05	2	1e-08	1e-05	0	624.961  627.32  2.2e-07  3.58e-07  2e-09	1800  1800
# m:d:h:z:t:tau:AbsStray_h:Stray_h:AbsTotField:TotField:ConvergeEd:ConvergPhi:NumOfPeriodsInX:IntegrPrecision:GrapheneWidth:GrapheneOffset:AverRho:rho0:l_phi:l_i:l_star:Ms:Hstray_sat
0	5.00562e-07	2.65713e-18	1e-06	1.7e-06 1e-08	0.0513443	-0.000300827	0.0513443	-0.000300827	1e-07    1e-05	2	1e-08	1e-05	0	626.718  627.32  2.2e-07  3.58e-07  2e-09	1800  1800
0.01	5.00594e-07	0.0093501	1e-06	1.7e-06 1e-08	0.0514287	-0.000304814	0.0638508	0.00904528	1e-07    1e-05	2	1e-08	1e-05	0	626.722  627.32  2.2e-07  3.58e-07  2e-09	1800  1800
0.02	5.00693e-07	0.0187006	1e-06	1.7e-06 1e-08	0.0515931	-7.61306e-05	0.0618462	0.0186245	1e-07    1e-05	2	1e-08	1e-05	0	626.71  627.32  2.2e-07  3.58e-07  2e-09	1800  1800
0.03	5.00942e-07	0.0280508	1e-06	1.7e-06 1e-08	0.0519123	-0.000165703	0.0644614	0.0278851	1e-07    1e-05	2	1e-08	1e-05	0	626.702  627.32  2.2e-07  3.58e-07  2e-09	1800  1800
0.04	5.0116e-07	0.0374008	1e-06	1.7e-06 1e-08	0.052128	-0.000207851	0.0668532	0.037193	1e-07    1e-05	2	1e-08	1e-05	0	626.686  627.32  2.2e-07  3.58e-07  2e-09	1800  1800
0.05	5.01624e-07	0.0467494	1e-06	1.7e-06 1e-08	0.0630693	-0.000296006	0.0740701	0.0464534	1e-07    1e-05	2	1e-08	1e-05	0	626.696  627.32  2.2e-07  3.58e-07  2e-09	1800  1800
0.06	5.02077e-07	0.0560985	1e-06	1.7e-06 1e-08	0.0625968	-0.000379031	0.0765209	0.0557195	1e-07    1e-05	2	1e-08	1e-05	0	626.656  627.32  2.2e-07  3.58e-07  2e-09	1800  1800
0.07	5.02553e-07	0.0654478	1e-06	1.7e-06 1e-08	0.0618041	-0.000461839	0.079301	0.064986	1e-07    1e-05	2	1e-08	1e-05	0	626.633  627.32  2.2e-07  3.58e-07  2e-09	1800  1800
0.08	5.03145e-07	0.0747959	1e-06	1.7e-06 1e-08	0.0612626	-0.000558099	0.0819313	0.0742378	1e-07    1e-05	2	1e-08	1e-05	0	626.597  627.32  2.2e-07  3.58e-07  2e-09	1800  1800
0.09	5.0386e-07	0.0841427	1e-06	1.7e-06 1e-08	0.0587245	-0.000661704	0.0869232	0.083481	1e-07    1e-05	2	1e-08	1e-05	0	626.558  627.32  2.2e-07  3.58e-07  2e-09	1800  1800
0.1	5.04649e-07	0.0934892	1e-06	1.7e-06 1e-08	0.0605301	-0.000756004	0.0946324	0.0927331	1e-07    1e-05	2	1e-08	1e-05	0	626.503  627.32  2.2e-07  3.58e-07  2e-09	1800  1800
# m:d:h:z:t:tau:AbsStray_h:Stray_h:AbsTotField:TotField:ConvergeEd:ConvergPhi:NumOfPeriodsInX:IntegrPrecision:GrapheneWidth:GrapheneOffset:AverRho:rho0:l_phi:l_i:l_star:Ms:Hstray_sat
0.1	5.04649e-07	0.0934892	1e-06	1.7e-06 1e-08	0.0605301	-0.000756004	0.0946324	0.0927332	1e-07    1e-05	2	1e-08	1e-05	0	626.503  627.32  2.2e-07  3.58e-07  2e-09	1800  1800
0.185	5.14915e-07	0.17289	1e-06	1.7e-06 1e-08	0.060005	0.000217025	0.173107	0.173107	1e-07    1e-05	2	1e-08	1e-05	0	625.958  627.32  2.2e-07  3.58e-07  2e-09	1800  1800
0.27	5.32434e-07	0.252164	1e-06	1.7e-06 1e-08	0.0611241	0.00148189	0.253646	0.253646	1e-07    1e-05	2	1e-08	1e-05	0	625.653  627.32  2.2e-07  3.58e-07  2e-09	1800  1800
0.355	5.58682e-07	0.331248	1e-06	1.7e-06 1e-08	0.0616653	-0.000619234	0.330629	0.330629	1e-07    1e-05	2	1e-08	1e-05	0	625.431  627.32  2.2e-07  3.58e-07  2e-09	1800  1800
0.44	5.96621e-07	0.410049	1e-06	1.7e-06 1e-08	0.0634233	-0.000935261	0.409114	0.409114	1e-07    1e-05	2	1e-08	1e-05	0	625.294  627.32  2.2e-07  3.58e-07  2e-09	1800  1800
0.525	6.51524e-07	0.488436	1e-06	1.7e-06 1e-08	0.0679581	-0.000359515	0.488077	0.488077	1e-07    1e-05	2	1e-08	1e-05	0	625.195  627.32  2.2e-07  3.58e-07  2e-09	1800  1800
0.61	7.32929e-07	0.566226	1e-06	1.7e-06 1e-08	0.064806	-0.0013607	0.564865	0.564865	1e-07    1e-05	2	1e-08	1e-05	0	625.125  627.32  2.2e-07  3.58e-07  2e-09	1800  1800
0.695	8.60968e-07	0.643101	1e-06	1.7e-06 1e-08	0.0631853	-0.00125655	0.641845	0.641845	1e-07    1e-05	2	1e-08	1e-05	0	625.068  627.32  2.2e-07  3.58e-07  2e-09	1800  1800
0.78	1.0857e-06	0.718461	1e-06	1.7e-06 1e-08	0.0611594	0.000985149	0.719446	0.719446	1e-07    1e-05	2	1e-08	1e-05	0	625.022  627.32  2.2e-07  3.58e-07  2e-09	1800  1800
0.865	1.57927e-06	0.790782	1e-06	1.7e-06 1e-08	0.0493809	0.00154797	0.79233	0.79233	1e-07    1e-05	2	1e-08	1e-05	0	624.986  627.32  2.2e-07  3.58e-07  2e-09	1800  1800
0.95	3.69881e-06	0.85323	1e-06	1.7e-06 1e-08	0.0282655	-0.00233362	0.850897	0.850897	1e-07    1e-05	2	1e-08	1e-05	0	624.961  627.32  2.2e-07  3.58e-07  2e-09	1800  1800
# m:d:h:z:t:tau:AbsStray_h:Stray_h:AbsTotField:TotField:ConvergeEd:ConvergPhi:NumOfPeriodsInX:IntegrPrecision:GrapheneWidth:GrapheneOffset:AverRho:rho0:l_phi:l_i:l_star:Ms:Hstray_sat
0	5.00562e-07	2.65713e-18	1.03e-06	1.7e-06 1e-08	0.0351148	-0.00111482	0.0351148	-0.00111482	1e-07    1e-05	2	1e-08	1e-05	0	626.926  627.32  2.2e-07  3.58e-07  2e-09	1800  1800
0.01	5.00594e-07	0.0093501	1.03e-06	1.7e-06 1e-08	0.0351633	-0.00114884	0.0437867	0.00820125	1e-07    1e-05	2	1e-08	1e-05	0	626.917  627.32  2.2e-07  3.58e-07  2e-09	1800  1800
0.02	5.00693e-07	0.0187006	1.03e-06	1.7e-06 1e-08	0.0352675	-0.00131584	0.0444575	0.0173848	1e-07    1e-05	2	1e-08	1e-05	0	626.908  627.32  2.2e-07  3.58e-07  2e-09	1800  1800
0.03	5.00942e-07	0.0280508	1.03e-06	1.7e-06 1e-08	0.03548	-0.000176706	0.0472271	0.0278741	1e-07    1e-05	2	1e-08	1e-05	0	626.888  627.32  2.2e-07  3.58e-07  2e-09	1800  1800
0.04	5.0116e-07	0.0374008	1.03e-06	1.7e-06 1e-08	0.0356212	-0.000234324	0.044543	0.0371665	1e-07    1e-05	2	1e-08	1e-05	0	626.859  627.32  2.2e-07  3.58e-07  2e-09	1800  1800
0.05	5.01624e-07	0.0467494	1.03e-06	1.7e-06 1e-08	0.035809	-0.000298514	0.0538908	0.0464509	1e-07    1e-05	2	1e-08	1e-05	0	626.818  627.32  2.2e-07  3.58e-07  2e-09	1800  1800
0.06	5.02077e-07	0.0560985	1.03e-06	1.7e-06 1e-08	0.0429745	-0.000356136	0.0590174	0.0557424	1e-07    1e-05	2	1e-08	1e-05	0	626.765  627.32  2.2e-07  3.58e-07  2e-09	1800  1800
0.07	5.02553e-07	0.0654478	1.03e-06	1.7e-06 1e-08	0.0424372	-0.000317818	0.0652052	0.06513	1e-07    1e-05	2	1e-08	1e-05	0	626.703  627.32  2.2e-07  3.58e-07  2e-09	1800  1800
0.08	5.03145e-07	0.0747959	1.03e-06	1.7e-06 1e-08	0.0419434	-0.000361952	0.074434	0.074434	1e-07    1e-05	2	1e-08	1e-05	0	626.625  627.32  2.2e-07  3.58e-07  2e-09	1800  1800
0.09	5.0386e-07	0.0841427	1.03e-06	1.7e-06 1e-08	0.0402675	-0.000411377	0.0837313	0.0837313	1e-07    1e-05	2	1e-08	1e-05	0	626.543  627.32  2.2e-07  3.58e-07  2e-09	1800  1800
0.1	5.04649e-07	0.0934892	1.03e-06	1.7e-06 1e-08	0.0416349	-0.000460655	0.0930285	0.0930285	1e-07    1e-05	2	1e-08	1e-05	0	626.462  627.32  2.2e-07  3.58e-07  2e-09	1800  1800
# m:d:h:z:t:tau:AbsStray_h:Stray_h:AbsTotField:TotField:ConvergeEd:ConvergPhi:NumOfPeriodsInX:IntegrPrecision:GrapheneWidth:GrapheneOffset:AverRho:rho0:l_phi:l_i:l_star:Ms:Hstray_sat
0.1	5.04649e-07	0.0934892	1.03e-06	1.7e-06 1e-08	0.0416349	-0.000460655	0.0930285	0.0930285	1e-07    1e-05	2	1e-08	1e-05	0	626.462  627.32  2.2e-07  3.58e-07  2e-09	1800  1800
0.185	5.14915e-07	0.17289	1.03e-06	1.7e-06 1e-08	0.0412719	0.000182216	0.173072	0.173072	1e-07    1e-05	2	1e-08	1e-05	0	625.92  627.32  2.2e-07  3.58e-07  2e-09	1800  1800
0.27	5.32434e-07	0.252164	1.03e-06	1.7e-06 1e-08	0.0431222	0.000942811	0.253107	0.253107	1e-07    1e-05	2	1e-08	1e-05	0	625.603  627.32  2.2e-07  3.58e-07  2e-09	1800  1800
0.355	5.58682e-07	0.331248	1.03e-06	1.7e-06 1e-08	0.0436577	-0.000426297	0.330821	0.330821	1e-07    1e-05	2	1e-08	1e-05	0	625.416  627.32  2.2e-07  3.58e-07  2e-09	1800  1800
0.44	5.96621e-07	0.410049	1.03e-06	1.7e-06 1e-08	0.0386264	-0.000713805	0.409335	0.409335	1e-07    1e-05	2	1e-08	1e-05	0	625.286  627.32  2.2e-07  3.58e-07  2e-09	1800  1800
0.525	6.51524e-07	0.488436	1.03e-06	1.7e-06 1e-08	0.0512639	-4.42545e-05	0.488392	0.488392	1e-07    1e-05	2	1e-08	1e-05	0	625.19  627.32  2.2e-07  3.58e-07  2e-09	1800  1800
0.61	7.32929e-07	0.566226	1.03e-06	1.7e-06 1e-08	0.0499611	-0.000769633	0.565456	0.565456	1e-07    1e-05	2	1e-08	1e-05	0	625.121  627.32  2.2e-07  3.58e-07  2e-09	1800  1800
0.695	8.60968e-07	0.643101	1.03e-06	1.7e-06 1e-08	0.0498415	-0.000946734	0.642155	0.642155	1e-07    1e-05	2	1e-08	1e-05	0	625.066  627.32  2.2e-07  3.58e-07  2e-09	1800  1800
0.78	1.0857e-06	0.718461	1.03e-06	1.7e-06 1e-08	0.0501129	0.000978753	0.71944	0.71944	1e-07    1e-05	2	1e-08	1e-05	0	625.021  627.32  2.2e-07  3.58e-07  2e-09	1800  1800
0.865	1.57927e-06	0.790782	1.03e-06	1.7e-06 1e-08	0.0428924	0.00126675	0.792049	0.792049	1e-07    1e-05	2	1e-08	1e-05	0	624.985  627.32  2.2e-07  3.58e-07  2e-09	1800  1800
0.95	3.69881e-06	0.85323	1.03e-06	1.7e-06 1e-08	0.0264636	-0.00223926	0.850991	0.850991	1e-07    1e-05	2	1e-08	1e-05	0	624.961  627.32  2.2e-07  3.58e-07  2e-09	1800  1800
# m:d:h:z:t:tau:AbsStray_h:Stray_h:AbsTotField:TotField:ConvergeEd:ConvergPhi:NumOfPeriodsInX:IntegrPrecision:GrapheneWidth:GrapheneOffset:AverRho:rho0:l_phi:l_i:l_star:Ms:Hstray_sat
0	5.00562e-07	2.65713e-18	1.06e-06	1.7e-06 1e-08	0.0240582	-0.000763946	0.0240582	-0.000763946	1e-07    1e-05	2	1e-08	1e-05	0	627.075  627.32  2.2e-07  3.58e-07  2e-09	1800  1800
0.01	5.00594e-07	0.0093501	1.06e-06	1.7e-06 1e-08	0.0240874	-0.000793426	0.0254713	0.00855667	1e-07    1e-05	2	1e-08	1e-05	0	627.064  627.32  2.2e-07  3.58e-07  2e-09	1800  1800
0.02	5.00693e-07	0.0187006	1.06e-06	1.7e-06 1e-08	0.0241557	-0.000914008	0.0317183	0.0177866	1e-07    1e-05	2	1e-08	1e-05	0	627.046  627.32  2.2e-07  3.58e-07  2e-09	1800  1800
0.03	5.00942e-07	0.0280508	1.06e-06	1.7e-06 1e-08	0.0243001	-0.00123741	0.0318152	0.0268134	1e-07    1e-05	2	1e-08	1e-05	0	627.052  627.32  2.2e-07  3.58e-07  2e-09	1800  1800
0.04	5.0116e-07	0.0374008	1.06e-06	1.7e-06 1e-08	0.0243953	-0.00013705	0.0392414	0.0372638	1e-07    1e-05	2	1e-08	1e-05	0	626.949  627.32  2.2e-07  3.58e-07  2e-09	1800  1800
0.05	5.01624e-07	0.0467494	1.06e-06	1.7e-06 1e-08	0.0245267	-0.000181741	0.0465677	0.0465677	1e-07    1e-05	2	1e-08	1e-05	0	626.873  627.32  2.2e-07  3.58e-07  2e-09	1800  1800
0.06	5.02077e-07	0.0560985	1.06e-06	1.7e-06 1e-08	0.0246078	-0.00022253	0.055876	0.055876	1e-07    1e-05	2	1e-08	1e-05	0	626.786  627.32  2.2e-07  3.58e-07  2e-09	1800  1800
0.07	5.02553e-07	0.0654478	1.06e-06	1.7e-06 1e-08	0.029157	-0.000260965	0.0651868	0.0651868	1e-07    1e-05	2	1e-08	1e-05	0	626.692  627.32  2.2e-07  3.58e-07  2e-09	1800  1800
0.08	5.03145e-07	0.0747959	1.06e-06	1.7e-06 1e-08	0.0288179	-0.00025448	0.0745414	0.0745414	1e-07    1e-05	2	1e-08	1e-05	0	626.598  627.32  2.2e-07  3.58e-07  2e-09	1800  1800
0.09	5.0386e-07	0.0841427	1.06e-06	1.7e-06 1e-08	0.0276476	-0.000292972	0.0838497	0.0838497	1e-07    1e-05	2	1e-08	1e-05	0	626.508  627.32  2.2e-07  3.58e-07  2e-09	1800  1800
0.1	5.04649e-07	0.0934892	1.06e-06	1.7e-06 1e-08	0.0289028	-0.000594195	0.092895	0.092895	1e-07    1e-05	2	1e-08	1e-05	0	626.423  627.32  2.2e-07  3.58e-07  2e-09	1800  1800
# m:d:h:z:t:tau:AbsStray_h:Stray_h:AbsTotField:TotField:ConvergeEd:ConvergPhi:NumOfPeriodsInX:IntegrPrecision:GrapheneWidth:GrapheneOffset:AverRho:rho0:l_phi:l_i:l_star:Ms:Hstray_sat
0.1	5.04649e-07	0.0934892	1.06e-06	1.7e-06 1e-08	0.0289028	-0.000594195	0.092895	0.092895	1e-07    1e-05	2	1e-08	1e-05	0	626.423  627.32  2.2e-07  3.58e-07  2e-09	1800  1800
0.185	5.14915e-07	0.17289	1.06e-06	1.7e-06 1e-08	0.0285593	0.000141704	0.173032	0.173032	1e-07    1e-05	2	1e-08	1e-05	0	625.893  627.32  2.2e-07  3.58e-07  2e-09	1800  1800
0.27	5.32434e-07	0.252164	1.06e-06	1.7e-06 1e-08	0.0303781	-0.00175674	0.250407	0.250407	1e-07    1e-05	2	1e-08	1e-05	0	625.594  627.32  2.2e-07  3.58e-07  2e-09	1800  1800
0.355	5.58682e-07	0.331248	1.06e-06	1.7e-06 1e-08	0.0309832	-0.000291666	0.330956	0.330956	1e-07    1e-05	2	1e-08	1e-05	0	625.41  627.32  2.2e-07  3.58e-07  2e-09	1800  1800
0.44	5.96621e-07	0.410049	1.06e-06	1.7e-06 1e-08	0.0279183	-0.00055358	0.409495	0.409495	1e-07    1e-05	2	1e-08	1e-05	0	625.282  627.32  2.2e-07  3.58e-07  2e-09	1800  1800
0.525	6.51524e-07	0.488436	1.06e-06	1.7e-06 1e-08	0.0370558	0.000516869	0.488953	0.488953	1e-07    1e-05	2	1e-08	1e-05	0	625.189  627.32  2.2e-07  3.58e-07  2e-09	1800  1800
0.61	7.32929e-07	0.566226	1.06e-06	1.7e-06 1e-08	0.0385543	-0.000587733	0.565638	0.565638	1e-07    1e-05	2	1e-08	1e-05	0	625.119  627.32  2.2e-07  3.58e-07  2e-09	1800  1800
0.695	8.60968e-07	0.643101	1.06e-06	1.7e-06 1e-08	0.0438174	-0.000651939	0.642449	0.642449	1e-07    1e-05	2	1e-08	1e-05	0	625.064  627.32  2.2e-07  3.58e-07  2e-09	1800  1800
0.78	1.0857e-06	0.718461	1.06e-06	1.7e-06 1e-08	0.0416259	0.000807325	0.719269	0.719269	1e-07    1e-05	2	1e-08	1e-05	0	625.02  627.32  2.2e-07  3.58e-07  2e-09	1800  1800
0.865	1.57927e-06	0.790782	1.06e-06	1.7e-06 1e-08	0.0400217	0.00153112	0.792314	0.792314	1e-07    1e-05	2	1e-08	1e-05	0	624.985  627.32  2.2e-07  3.58e-07  2e-09	1800  1800
0.95	3.69881e-06	0.85323	1.06e-06	1.7e-06 1e-08	0.0246095	-0.00242799	0.850802	0.850802	1e-07    1e-05	2	1e-08	1e-05	0	624.96  627.32  2.2e-07  3.58e-07  2e-09	1800  1800
# m:d:h:z:t:tau:AbsStray_h:Stray_h:AbsTotField:TotField:ConvergeEd:ConvergPhi:NumOfPeriodsInX:IntegrPrecision:GrapheneWidth:GrapheneOffset:AverRho:rho0:l_phi:l_i:l_star:Ms:Hstray_sat
# m:d:h:z:t:tau:AbsStray_h:Stray_h:AbsTotField:TotField:ConvergeEd:ConvergPhi:NumOfPeriodsInX:IntegrPrecision:GrapheneWidth:GrapheneOffset:AverRho:rho0:l_phi:l_i:l_star:Ms:Hstray_sat
# m:d:h:z:t:tau:AbsStray_h:Stray_h:AbsTotField:TotField:ConvergeEd:ConvergPhi:NumOfPeriodsInX:IntegrPrecision:GrapheneWidth:GrapheneOffset:AverRho:rho0:l_phi:l_i:l_star:Ms:Hstray_sat
0	5.00562e-07	2.65713e-18	8.85e-07	1.7e-06 1e-08	0.27418	0.000502625	0.27418	0.000502625	1e-07    1e-05	2	1e-08	1e-05	0	627.051  627.32  2.2e-07  3.58e-07  2e-09	200  200
15	5e-05	15	8.85e-07	1.7e-06 1e-08	0	0	15	15	1e-07    1e-05	2	1e-08	1e-05	0	624.791  627.32  2.2e-07  3.58e-07  2e-09	200  200
30	5e-05	30	8.85e-07	1.7e-06 1e-08	0	0	30	30	1e-07    1e-05	2	1e-08	1e-05	0	624.697  627.32  2.2e-07  3.58e-07  2e-09	200  200
45	5e-05	45	8.85e-07	1.7e-06 1e-08	0	0	45	45	1e-07    1e-05	2	1e-08	1e-05	0	624.664  627.32  2.2e-07  3.58e-07  2e-09	200  200
60	5e-05	60	8.85e-07	1.7e-06 1e-08	0	0	60	60	1e-07    1e-05	2	1e-08	1e-05	0	624.648  627.32  2.2e-07  3.58e-07  2e-09	200  200
75	5e-05	75	8.85e-07	1.7e-06 1e-08	0	0	75	75	1e-07    1e-05	2	1e-08	1e-05	0	624.638  627.32  2.2e-07  3.58e-07  2e-09	200  200
90	5e-05	90	8.85e-07	1.7e-06 1e-08	0	0	90	90	1e-07    1e-05	2	1e-08	1e-05	0	624.632  627.32  2.2e-07  3.58e-07  2e-09	200  200
105	5e-05	105	8.85e-07	1.7e-06 1e-08	0	0	105	105	1e-07    1e-05	2	1e-08	1e-05	0	624.627  627.32  2.2e-07  3.58e-07  2e-09	200  200
120	5e-05	120	8.85e-07	1.7e-06 1e-08	0	0	120	120	1e-07    1e-05	2	1e-08	1e-05	0	624.624  627.32  2.2e-07  3.58e-07  2e-09	200  200
135	5e-05	135	8.85e-07	1.7e-06 1e-08	0	0	135	135	1e-07    1e-05	2	1e-08	1e-05	0	624.621  627.32  2.2e-07  3.58e-07  2e-09	200  200
150	5e-05	150	8.85e-07	1.7e-06 1e-08	0	0	150	150	1e-07    1e-05	2	1e-08	1e-05	0	624.62  627.32  2.2e-07  3.58e-07  2e-09	200  200
# m:d:h:z:t:tau:AbsStray_h:Stray_h:AbsTotField:TotField:ConvergeEd:ConvergPhi:NumOfPeriodsInX:IntegrPrecision:GrapheneWidth:GrapheneOffset:AverRho:rho0:l_phi:l_i:l_star:Ms:Hstray_sat
150	5e-05	150	8.85e-07	1.7e-06 1e-08	0	0	150	150	1e-07    1e-05	2	1e-08	1e-05	0	624.62  627.32  2.2e-07  3.58e-07  2e-09	200  200
277.5	5e-05	277.5	8.85e-07	1.7e-06 1e-08	0	0	277.5	277.5	1e-07    1e-05	2	1e-08	1e-05	0	624.615  627.32  2.2e-07  3.58e-07  2e-09	200  200
405	5e-05	405	8.85e-07	1.7e-06 1e-08	0	0	405	405	1e-07    1e-05	2	1e-08	1e-05	0	624.62  627.32  2.2e-07  3.58e-07  2e-09	200  200
532.5	5e-05	532.5	8.85e-07	1.7e-06 1e-08	0	0	532.5	532.5	1e-07    1e-05	2	1e-08	1e-05	0	624.629  627.32  2.2e-07  3.58e-07  2e-09	200  200
660	5e-05	660	8.85e-07	1.7e-06 1e-08	0	0	660	660	1e-07    1e-05	2	1e-08	1e-05	0	624.642  627.32  2.2e-07  3.58e-07  2e-09	200  200
787.5	5e-05	787.5	8.85e-07	1.7e-06 1e-08	0	0	787.5	787.5	1e-07    1e-05	2	1e-08	1e-05	0	624.659  627.32  2.2e-07  3.58e-07  2e-09	200  200
915	5e-05	915	8.85e-07	1.7e-06 1e-08	0	0	915	915	1e-07    1e-05	2	1e-08	1e-05	0	624.678  627.32  2.2e-07  3.58e-07  2e-09	200  200
1042.5	5e-05	1042.5	8.85e-07	1.7e-06 1e-08	0	0	1042.5	1042.5	1e-07    1e-05	2	1e-08	1e-05	0	624.699  627.32  2.2e-07  3.58e-07  2e-09	200  200
1170	5e-05	1170	8.85e-07	1.7e-06 1e-08	0	0	1170	1170	1e-07    1e-05	2	1e-08	1e-05	0	624.723  627.32  2.2e-07  3.58e-07  2e-09	200  200
1297.5	5e-05	1297.5	8.85e-07	1.7e-06 1e-08	0	0	1297.5	1297.5	1e-07    1e-05	2	1e-08	1e-05	0	624.75  627.32  2.2e-07  3.58e-07  2e-09	200  200
1425	5e-05	1425	8.85e-07	1.7e-06 1e-08	0	0	1425	1425	1e-07    1e-05	2	1e-08	1e-05	0	624.779  627.32  2.2e-07  3.58e-07  2e-09	200  200
# m:d:h:z:t:tau:AbsStray_h:Stray_h:AbsTotField:TotField:ConvergeEd:ConvergPhi:NumOfPeriodsInX:IntegrPrecision:GrapheneWidth:GrapheneOffset:AverRho:rho0:l_phi:l_i:l_star:Ms:Hstray_sat
0	5.00562e-07	2.65713e-18	8.85e-07	1.7e-06 1e-08	0.27418	0.000502625	0.27418	0.000502625	1e-07    1e-05	2	1e-08	1e-05	0	627.051  627.32  2.2e-07  3.58e-07  2e-09	200  200
15	5e-05	15	8.85e-07	1.7e-06 1e-08	0	0	15	15	1e-07    1e-05	2	1e-08	1e-05	0	624.791  627.32  2.2e-07  3.58e-07  2e-09	200  200
30	5e-05	30	8.85e-07	1.7e-06 1e-08	0	0	30	30	1e-07    1e-05	2	1e-08	1e-05	0	624.697  627.32  2.2e-07  3.58e-07  2e-09	200  200
45	5e-05	45	8.85e-07	1.7e-06 1e-08	0	0	45	45	1e-07    1e-05	2	1e-08	1e-05	0	624.664  627.32  2.2e-07  3.58e-07  2e-09	200  200
60	5e-05	60	8.85e-07	1.7e-06 1e-08	0	0	60	60	1e-07    1e-05	2	1e-08	1e-05	0	624.648  627.32  2.2e-07  3.58e-07  2e-09	200  200
75	5e-05	75	8.85e-07	1.7e-06 1e-08	0	0	75	75	1e-07    1e-05	2	1e-08	1e-05	0	624.638  627.32  2.2e-07  3.58e-07  2e-09	200  200
90	5e-05	90	8.85e-07	1.7e-06 1e-08	0	0	90	90	1e-07    1e-05	2	1e-08	1e-05	0	624.632  627.32  2.2e-07  3.58e-07  2e-09	200  200
105	5e-05	105	8.85e-07	1.7e-06 1e-08	0	0	105	105	1e-07    1e-05	2	1e-08	1e-05	0	624.627  627.32  2.2e-07  3.58e-07  2e-09	200  200
120	5e-05	120	8.85e-07	1.7e-06 1e-08	0	0	120	120	1e-07    1e-05	2	1e-08	1e-05	0	624.624  627.32  2.2e-07  3.58e-07  2e-09	200  200
135	5e-05	135	8.85e-07	1.7e-06 1e-08	0	0	135	135	1e-07    1e-05	2	1e-08	1e-05	0	624.621  627.32  2.2e-07  3.58e-07  2e-09	200  200
150	5e-05	150	8.85e-07	1.7e-06 1e-08	0	0	150	150	1e-07    1e-05	2	1e-08	1e-05	0	624.62  627.32  2.2e-07  3.58e-07  2e-09	200  200
# m:d:h:z:t:tau:AbsStray_h:Stray_h:AbsTotField:TotField:ConvergeEd:ConvergPhi:NumOfPeriodsInX:IntegrPrecision:GrapheneWidth:GrapheneOffset:AverRho:rho0:l_phi:l_i:l_star:Ms:Hstray_sat
150	5e-05	150	8.85e-07	1.7e-06 1e-08	0	0	150	150	1e-07    1e-05	2	1e-08	1e-05	0	624.62  627.32  2.2e-07  3.58e-07  2e-09	200  200
277.5	5e-05	277.5	8.85e-07	1.7e-06 1e-08	0	0	277.5	277.5	1e-07    1e-05	2	1e-08	1e-05	0	624.615  627.32  2.2e-07  3.58e-07  2e-09	200  200
405	5e-05	405	8.85e-07	1.7e-06 1e-08	0	0	405	405	1e-07    1e-05	2	1e-08	1e-05	0	624.62  627.32  2.2e-07  3.58e-07  2e-09	200  200
532.5	5e-05	532.5	8.85e-07	1.7e-06 1e-08	0	0	532.5	532.5	1e-07    1e-05	2	1e-08	1e-05	0	624.629  627.32  2.2e-07  3.58e-07  2e-09	200  200
660	5e-05	660	8.85e-07	1.7e-06 1e-08	0	0	660	660	1e-07    1e-05	2	1e-08	1e-05	0	624.642  627.32  2.2e-07  3.58e-07  2e-09	200  200
787.5	5e-05	787.5	8.85e-07	1.7e-06 1e-08	0	0	787.5	787.5	1e-07    1e-05	2	1e-08	1e-05	0	624.659  627.32  2.2e-07  3.58e-07  2e-09	200  200
915	5e-05	915	8.85e-07	1.7e-06 1e-08	0	0	915	915	1e-07    1e-05	2	1e-08	1e-05	0	624.678  627.32  2.2e-07  3.58e-07  2e-09	200  200
1042.5	5e-05	1042.5	8.85e-07	1.7e-06 1e-08	0	0	1042.5	1042.5	1e-07    1e-05	2	1e-08	1e-05	0	624.699  627.32  2.2e-07  3.58e-07  2e-09	200  200
1170	5e-05	1170	8.85e-07	1.7e-06 1e-08	0	0	1170	1170	1e-07    1e-05	2	1e-08	1e-05	0	624.723  627.32  2.2e-07  3.58e-07  2e-09	200  200
1297.5	5e-05	1297.5	8.85e-07	1.7e-06 1e-08	0	0	1297.5	1297.5	1e-07    1e-05	2	1e-08	1e-05	0	624.75  627.32  2.2e-07  3.58e-07  2e-09	200  200
1425	5e-05	1425	8.85e-07	1.7e-06 1e-08	0	0	1425	1425	1e-07    1e-05	2	1e-08	1e-05	0	624.779  627.32  2.2e-07  3.58e-07  2e-09	200  200
# m:d:h:z:t:tau:AbsStray_h:Stray_h:AbsTotField:TotField:ConvergeEd:ConvergPhi:NumOfPeriodsInX:IntegrPrecision:GrapheneWidth:GrapheneOffset:AverRho:rho0:l_phi:l_i:l_star:Ms:Hstray_sat
